Webots Project File version R2021a
perspectives: 000000ff00000000fd000000030000000000000175000003b6fc0100000002fb0000001a0044006f00630075006d0065006e0074006100740069006f006e0000000000ffffffff0000005400fffffffb0000001e00480074006d006c0052006f0062006f007400570069006e0064006f00770000000000000001750000000000000000000000010000031b000002d8fc0200000001fb0000001400540065007800740045006400690074006f0072010000001a000002d8000000a900ffffff0000000300000780000000d8fc0100000003fb0000000e0043006f006e0073006f006c0065010000017b000005c40000000000000000fb000000220052006f0062006f0074003a002000730075007000650072007600690073006f0072010000045a000003260000000000000000fb0000001a0043006f006e0073006f006c0065004e0041004f0041006c006c0100000000000007800000005400ffffff0000045f000002d800000001000000020000000100000008fc00000000
simulationViewPerspectives: 000000ff000000010000000200000118000003410100000006010000000100
sceneTreePerspectives: 000000ff0000000100000002000000c0000000000100000006010000000200
maximizedDockId: -1
centralWidgetVisible: 1
userInteractions: 3dContextMenuDisabled::objectMoveDisabled::forceAndTorqueDisabled
orthographicViewHeight: 1
textFiles: 0 "controllers/sprinter/sprinter.py"
consoles: Console:NAO:All
renderingDevicePerspectives: NAO:CameraBottom;0;0.63125;0;0
renderingDevicePerspectives: NAO:CameraTop;0;0.63125;0;0.726232
